1
1
38
0
(8 0
((0,0,0) (7,7,7) (0,0,0))
((8,0,0) (15,7,7) (0,0,0))
((0,8,0) (7,15,7) (0,0,0))
((8,8,0) (15,15,7) (0,0,0))
((0,0,8) (7,7,15) (0,0,0))
((8,0,8) (15,7,15) (0,0,0))
((0,8,8) (7,15,15) (0,0,0))
((8,8,8) (15,15,15) (0,0,0))
)
8
FabOnDisk: Cell_D_00001 0
FabOnDisk: Cell_D_00001 155735
FabOnDisk: Cell_D_00002 0
FabOnDisk: Cell_D_00002 155736
FabOnDisk: Cell_D_00003 0
FabOnDisk: Cell_D_00003 155736
FabOnDisk: Cell_D_00000 0
FabOnDisk: Cell_D_00000 155737

8,38
-2.3350326917137531e-14,-2.3468636813483723e-01,3.9104908746645392e-02,2.9138307388583229e-01,-1.2601176712248824e+05,2.9800000000000000e+02,1.0132499978804776e+05,-1.0386596899015478e-01,-3.7678935527196700e-06,-6.4242759526561156e+02,-8.6872722437067023e+03,1.6895941065814962e-02,4.8940745733730450e-04,-1.9433193555115220e-23,1.1796124219495929e-18,1.4649655164228056e-01,-1.2097539885534222e-18,5.6778515203329957e-11,4.0486414726232148e-14,-2.3296501850518974e-33,-2.2218407202243535e-35,-5.5460115803716552e-17,6.0372332678646050e-03,1.7769293763366772e-12,1.3520323657476128e-14,-8.2830274593963551e-33,4.6691765050567092e-16,-1.8063407015369722e-24,1.8722607266936706e-16,-2.7699978638717240e-27,5.2741224999428017e-17,7.4592843368822859e-01,0.0000000000000000e+00,1.8459607328961174e-05,2.9322186154439815e-02,1.9241521986680457e-02,2.6882821837094277e-11,1.5887182300351453e-04,
-2.1604057078829008e-14,-2.3468636813483501e-01,3.9104908746638425e-02,2.9138307388583223e-01,-1.2601176712248815e+05,2.9800000000000000e+02,1.0132499978804775e+05,-1.0386596899015180e-01,-2.8225364268052999e-06,-6.4242759432119101e+02,-8.6872722437617231e+03,1.6895941065759451e-02,4.8940745733730461e-04,-1.9433193555115217e-23,1.1796124219495928e-18,1.4649655164228056e-01,-1.2097539885534222e-18,5.6778515203329957e-11,4.0486414726232148e-14,-2.3296501851998750e-33,-2.2218407264707597e-35,-5.5460115803716558e-17,6.0372332678646059e-03,1.7769293763366772e-12,1.3520323657476128e-14,-8.2830274586462294e-33,4.6691765050567092e-16,-1.8063407015369726e-24,1.8722607266936704e-16,-2.7699978638717251e-27,5.2741224999428017e-17,7.4592843368822859e-01,0.0000000000000000e+00,1.8459607328961174e-05,2.9322186154439815e-02,1.9241521986680457e-02,2.6882821837094277e-11,1.5887182300247061e-04,
-1.6879499200698554e-14,5.2765423172281022e-02,1.3159556759881566e-01,2.9138279656383331e-01,-1.2601176718611774e+05,2.9800000000000000e+02,1.0132499983912011e+05,-1.0386602232817449e-01,-2.2161255053276818e-06,4.2441814878893774e+03,-1.2144083094137946e+04,2.1917871933715971e-03,4.8940625255994188e-04,-1.9433199349147876e-23,1.1796132957169819e-18,1.4649643972460072e-01,-1.2097546236852440e-18,5.6778515209049988e-11,4.0486414726377437e-14,-2.6480048807360234e-33,-2.2304521990905613e-35,-5.5460151410280114e-17,6.0372123138413497e-03,1.7769293763381674e-12,1.3520325936187767e-14,-8.2957545606350386e-33,4.6691765050567190e-16,-1.8063420424032930e-24,1.8722605867821766e-16,-2.7699979163924242e-27,5.2741221057472164e-17,7.4592843522478947e-01,0.0000000000000000e+00,1.8459607328961174e-05,2.9322186064518335e-02,1.9241521141258038e-02,2.6882821871405700e-11,2.6734316276636797e-06,
-1.6220097826481197e-14,5.2765423172280855e-02,1.3159556759882021e-01,2.9138279656383337e-01,-1.2601176718611774e+05,2.9800000000000000e+02,1.0132499983912009e+05,-1.0386602232817675e-01,-2.4907257922812676e-06,4.2441814878821624e+03,-1.2144083094829824e+04,2.1917871932189414e-03,4.8940625255994210e-04,-1.9433199349147873e-23,1.1796132957169818e-18,1.4649643972460072e-01,-1.2097546236852440e-18,5.6778515209049988e-11,4.0486414726377437e-14,-2.6480048817833137e-33,-2.2304522038205292e-35,-5.5460151410280114e-17,6.0372123138413489e-03,1.7769293763381674e-12,1.3520325936187767e-14,-8.2957545609194625e-33,4.6691765050567190e-16,-1.8063420424032930e-24,1.8722605867821763e-16,-2.7699979163924235e-27,5.2741221057472170e-17,7.4592843522478947e-01,0.0000000000000000e+00,1.8459607328961174e-05,2.9322186064518335e-02,1.9241521141258034e-02,2.6882821871405706e-11,2.6734316272912766e-06,
-5.8211653716225456e-14,-3.4828842707114771e-01,-1.3181260003342528e-03,2.1436179277830575e-01,-2.5871031991143616e+04,1.5479510063410216e+03,1.0132499857501347e+05,-8.4825816857192615e+02,-2.1559172225238399e-06,-9.5345646349758613e+02,-5.4658538066749429e+02,5.3953024773201533e-03,7.0947968661709563e-07,1.6590357132427424e-08,7.3551579552617005e-06,1.0536894112264047e-01,1.6252885758890649e-04,8.0586253097487098e-02,3.1247990133172236e-07,1.1106284232283711e-23,1.8685756857720708e-24,5.9891922334459981e-21,9.2242044848887910e-21,1.1810864316587948e-05,6.4190113631345053e-02,5.2643849475174725e-15,5.4842221003059187e-17,8.5488455307150891e-25,5.5441511518557824e-20,8.1707545367329446e-26,-2.8144921622774309e-25,7.4613397255821279e-01,0.0000000000000000e+00,5.6287695136408042e-05,1.0854835740783500e-01,2.0534119287214742e-02,9.8484976899095533e-01,3.1260684714680735e-06,
-6.3731083196786992e-14,-3.4828842707115526e-01,-1.3181260003696793e-03,2.1436179277830567e-01,-2.5871031991143660e+04,1.5479510063410212e+03,1.0132499857501348e+05,-8.4825816857215386e+02,-1.5266428121663012e-06,-9.5345646331927708e+02,-5.4658538070379950e+02,5.3953024818954864e-03,7.0947968661666068e-07,1.6590357132427741e-08,7.3551579552186467e-06,1.0536894112264047e-01,1.6252885758860302e-04,8.0586253097487112e-02,3.1247990131878076e-07,1.1106291459263713e-23,1.8685751722071289e-24,5.9891922336540045e-21,9.2242044849255447e-21,1.1810864316583479e-05,6.4190113631345053e-02,5.2643849475351004e-15,5.4842221003059304e-17,8.5488455009280182e-25,5.5441511518531162e-20,8.1707545367354173e-26,-2.8144921622775893e-25,7.4613397255821301e-01,0.0000000000000000e+00,5.6287695136408042e-05,1.0854835740783500e-01,2.0534119287214742e-02,9.8484976899095533e-01,3.1260684767700203e-06,
-3.6755016874213396e-14,2.5038531764156780e-01,9.6695596514662210e-02,2.1436021213661141e-01,-2.5870585305821387e+04,1.5479632648884347e+03,1.0132499907295534e+05,-3.5360811480726682e+02,-7.4033845720578029e-07,4.1253159885075029e+03,-2.1904849155037077e+03,8.1123010076233015e-02,6.7824445702154940e-07,1.6589325306813242e-08,7.3553357482831963e-06,1.0536894108835455e-01,1.6253279213503108e-04,8.0587064752878856e-02,3.1248554889998618e-07,1.0745255233120375e-23,1.3823320732618827e-24,5.1553555479712151e-21,9.0878628800630461e-21,1.1811080468052346e-05,6.4190585890095839e-02,5.1772341676546518e-15,5.4842248796839617e-17,7.8722040462005920e-25,5.3523318162941606e-20,8.1707626594025053e-26,-2.8144915075497214e-25,7.4613411642388550e-01,0.0000000000000000e+00,5.6288002249380837e-05,1.0854878215664779e-01,2.0534119032472181e-02,9.8485698165364732e-01,7.0603373713442198e-04,
-3.2287881977467214e-14,2.5038531764156252e-01,9.6695596514674936e-02,2.1436021213661141e-01,-2.5870585305821402e+04,1.5479632648884349e+03,1.0132499907295534e+05,-3.5360811480726511e+02,-7.4917849701705563e-07,4.1253159884778070e+03,-2.1904849152151401e+03,8.1123010076179725e-02,6.7824445702144268e-07,1.6589325306813219e-08,7.3553357482831997e-06,1.0536894108835455e-01,1.6253279213503108e-04,8.0587064752878856e-02,3.1248554889998623e-07,1.0745254641259247e-23,1.3823319628351237e-24,5.1553555476932034e-21,9.0878628800665488e-21,1.1811080468052341e-05,6.4190585890095839e-02,5.1772341676518308e-15,5.4842248796840967e-17,7.8722040461315739e-25,5.3523318162935003e-20,8.1707626594010784e-26,-2.8144915075496731e-25,7.4613411642388550e-01,0.0000000000000000e+00,5.6288002249380837e-05,1.0854878215664757e-01,2.0534119032472181e-02,9.8485698165364710e-01,7.0603373713349444e-04,

8,38
2.3040464295559405e-14,1.3708048050400662e-01,6.8281322823242763e-01,1.1139852544036548e+00,-3.5350566476196065e+04,1.2033176045637942e+03,1.0132500027087846e+05,5.5054701675856359e+02,4.7033221761694222e-06,4.0478286191675247e+03,3.8210421014006097e+04,3.8820460184549290e+02,3.0522816177568452e-03,9.3851833262932829e-06,2.6146935272207406e-04,2.2655837022206371e-01,4.7538776405673007e-04,5.9887179579616097e-02,8.7688209775763009e-05,2.7750064383520534e-07,2.4057605775314961e-08,4.8986531648038143e-05,2.4307726638689388e-02,8.6715698784113060e-03,3.1003980691918186e-02,1.8694074890962414e-06,2.6977824015134594e-04,1.9779307120688508e-06,7.8418331224838037e-05,1.7402022452645996e-06,1.1790798032478169e-04,7.4626699321490642e-01,0.0000000000000000e+00,4.7784031629222687e-05,8.7889081169522307e-02,2.0602601401581520e-02,5.9571109832031310e-01,2.1956272572356462e+04,
1.6426271315779867e-14,1.3708048050401345e-01,6.8281322823243029e-01,1.1139852544036548e+00,-3.5350566476195971e+04,1.2033176045637942e+03,1.0132500027087846e+05,5.5054701675856666e+02,4.1447405507710755e-06,4.0478286190184749e+03,3.8210421011977240e+04,3.8820460184549586e+02,3.0522816177568452e-03,9.3851833262932812e-06,2.6146935272207406e-04,2.2655837022206377e-01,4.7538776405672991e-04,5.9887179579616076e-02,8.7688209775762941e-05,2.7750064383519618e-07,2.4057605775317215e-08,4.8986531648038149e-05,2.4307726638689388e-02,8.6715698784113043e-03,3.1003980691918193e-02,1.8694074890962719e-06,2.6977824015134594e-04,1.9779307120688504e-06,7.8418331224838037e-05,1.7402022452645998e-06,1.1790798032478167e-04,7.4626699321490653e-01,0.0000000000000000e+00,4.7784031629222687e-05,8.7889081169522265e-02,2.0602601401581520e-02,5.9571109832031310e-01,2.1956272572356800e+04,
2.4494858275362256e-14,5.6936707236528383e-01,5.8545838833134178e-01,1.1139852525584240e+00,-3.5350511802661531e+04,1.2033185303019332e+03,1.0132500020085140e+05,5.5054495861585815e+02,2.2656631015749440e-06,3.0123905664690887e+04,3.7340660584492718e+04,5.2413862546371809e+02,3.0522816177568361e-03,9.3852073946522085e-06,2.6147011574073229e-04,2.2655837021446154e-01,4.7538912225003133e-04,5.9887246026499599e-02,8.7688191529759979e-05,2.7750107391834525e-07,2.4057597034441002e-08,4.8986561266867579e-05,2.4307726639901772e-02,8.6715733615751675e-03,3.1004042032751884e-02,1.8694089743677641e-06,2.6977819790674994e-04,1.9779309095905390e-06,7.8418331060474953e-05,1.7402030324711105e-06,1.1790795586105171e-04,7.4626699332764312e-01,0.0000000000000000e+00,4.7784055345235998e-05,8.7889138269994310e-02,2.0602601401581506e-02,5.9571207162438133e-01,1.5288384706805742e+05,
1.7721624563390862e-14,5.6936707236528916e-01,5.8545838833133801e-01,1.1139852525584237e+00,-3.5350511802661407e+04,1.2033185303019336e+03,1.0132500020085140e+05,5.5054495861579130e+02,2.3745179156264840e-06,3.0123905665562983e+04,3.7340660583815392e+04,5.2413862546371774e+02,3.0522816177568361e-03,9.3852073946522135e-06,2.6147011574073213e-04,2.2655837021446154e-01,4.7538912225003166e-04,5.9887246026499572e-02,8.7688191529759939e-05,2.7750107391834065e-07,2.4057597034460927e-08,4.8986561266867552e-05,2.4307726639901772e-02,8.6715733615751692e-03,3.1004042032751877e-02,1.8694089743677404e-06,2.6977819790674999e-04,1.9779309095905373e-06,7.8418331060474967e-05,1.7402030324711092e-06,1.1790795586105171e-04,7.4626699332764324e-01,0.0000000000000000e+00,4.7784055345236168e-05,8.7889138269994629e-02,2.0602601401581506e-02,5.9571207162438133e-01,1.5288384706805719e+05,
6.0550240345977908e-14,2.0121554973845798e-01,8.1009633167552142e-01,2.1844748305924935e-01,-2.4398303258487282e+04,1.5798018705562413e+03,1.0132500000044014e+05,9.7344039899974426e+00,1.6734462704448561e-06,3.8523050403758102e+03,4.1846271418675133e+03,3.7769563513064213e+02,3.0192264473724806e-05,6.1754966443656977e-06,3.5118762709795184e-04,1.0603519208771549e-01,1.0169917711514991e-03,8.1650813011162560e-02,8.4479755709494455e-06,2.0257532368507169e-10,1.6377636053810320e-11,6.6054207823542634e-09,1.0013185562967080e-06,1.4028629670606223e-03,6.6591929402182837e-02,1.1866664883674162e-09,2.1019102905590757e-08,4.1822333823150194e-12,8.9340651611580037e-10,2.4993916456606340e-12,2.7237333451730069e-11,7.4637241052910819e-01,0.0000000000000000e+00,5.6968387782286798e-05,1.1030087511533726e-01,2.0578026771806687e-02,1.0000261325655633e+00,1.5581202837399978e+04,
7.1505759277234300e-14,2.0121554973845632e-01,8.1009633167553474e-01,2.1844748305924938e-01,-2.4398303258487278e+04,1.5798018705562415e+03,1.0132500000044014e+05,9.7344039899958226e+00,1.2307692642821166e-06,3.8523050400940856e+03,4.1846271416976379e+03,3.7769563513064588e+02,3.0192264473724799e-05,6.1754966443656977e-06,3.5118762709795200e-04,1.0603519208771547e-01,1.0169917711514989e-03,8.1650813011162587e-02,8.4479755709494455e-06,2.0257532368501756e-10,1.6377636053807422e-11,6.6054207823542618e-09,1.0013185562957642e-06,1.4028629670606218e-03,6.6591929402182851e-02,1.1866664883671094e-09,2.1019102905590757e-08,4.1822333823150243e-12,8.9340651611579996e-10,2.4993916456606154e-12,2.7237333451730289e-11,7.4637241052910819e-01,0.0000000000000000e+00,5.6968387782286798e-05,1.1030087511533726e-01,2.0578026771806687e-02,1.0000261325655635e+00,1.5581202837400286e+04,
5.6920265549517081e-14,1.2835528762330259e+00,7.5921137030726293e-01,2.1844600173871931e-01,-2.4398124824017545e+04,1.5798138705920580e+03,1.0132500000034476e+05,9.7347115907660751e+00,3.9436987009366931e-07,9.3354190053221409e+03,4.0460730913279845e+03,4.7722648700195020e+02,3.0083972301833816e-05,6.1754850768136150e-06,3.5118736926027273e-04,1.0603410063279801e-01,1.0169916196608054e-03,8.1651648785102948e-02,8.4479730248105561e-06,2.0209432225757980e-10,1.6216102995748372e-11,6.4575292529776909e-09,5.4263652930485399e-07,1.4028599462558590e-03,6.6592611085851544e-02,1.1843645406938625e-09,2.1018491037007307e-08,4.1775759076643600e-12,8.9340450984492562e-10,2.4992056510444138e-12,2.7234889510141306e-11,7.4637241314151659e-01,0.0000000000000000e+00,5.6968674121176138e-05,1.1030152816943128e-01,2.0577898294862298e-02,1.0000363697215440e+00,2.4409887935724717e+04,
4.0215086674251210e-14,1.2835528762330253e+00,7.5921137030726726e-01,2.1844600173871931e-01,-2.4398124824017614e+04,1.5798138705920578e+03,1.0132500000034476e+05,9.7347115907648529e+00,8.4880324990876943e-07,9.3354190052975973e+03,4.0460730913705729e+03,4.7722648700194986e+02,3.0083972301833823e-05,6.1754850768136184e-06,3.5118736926027273e-04,1.0603410063279800e-01,1.0169916196608054e-03,8.1651648785102948e-02,8.4479730248105544e-06,2.0209432225759495e-10,1.6216102995748236e-11,6.4575292529776958e-09,5.4263652931206044e-07,1.4028599462558593e-03,6.6592611085851558e-02,1.1843645406939365e-09,2.1018491037007324e-08,4.1775759076643471e-12,8.9340450984492542e-10,2.4992056510444013e-12,2.7234889510140941e-11,7.4637241314151659e-01,0.0000000000000000e+00,5.6968674121176138e-05,1.1030152816943121e-01,2.0577898294862298e-02,1.0000363697215442e+00,2.4409887935724699e+04,

