1
1
38
0
(1 0
((0,0,0) (7,7,7) (0,0,0))
)
1
FabOnDisk: Cell_D_00000 0

1,38
-4.3775022611407406e-14,-3.3442666976252744e-01,1.1703414797535436e-01,2.1437258241838864e-01,-1.2597772963649576e+05,2.9800006248255085e+02,1.0132499934117821e+05,-4.2406457808669700e+02,-3.0228799463571931e-06,-5.4826366308902277e+02,-8.3675657330336999e+03,1.5596534695200975e-02,7.1774569765771398e-07,9.8265272993965401e-23,2.1350778854997691e-17,1.0537973312267686e-01,5.0950171890772470e-20,2.2584384673020420e-09,3.2172805490398289e-13,1.4480063844690043e-23,1.0767005943287196e-25,1.3873409385588404e-20,2.5088158962761077e-20,8.6850900609769183e-12,1.4638497860017390e-12,2.1532346764624906e-22,1.4587787070239907e-16,4.8894259188237434e-24,8.5641952420141714e-20,-2.2886680453770373e-27,-4.8740523074206597e-26,7.4596001853074489e-01,0.0000000000000000e+00,1.8459653817660359e-05,2.9384350807481117e-02,1.9277653387076491e-02,1.3412763842900241e-09,1.3538234737024916e-04,

1,38
3.2510869783693519e-14,1.0474809259081874e+00,7.5559650290895009e-01,1.1138182544997242e+00,-2.4400652044953971e+04,1.5797136823647938e+03,1.0132500002809192e+05,3.5061310524009156e+02,2.7591753326561275e-06,1.9649189764496030e+04,1.5510751398316992e+04,2.1498656016502883e+02,3.0522747855929902e-03,3.5763685151412461e-06,2.2875056904045538e-04,2.2655197629540028e-01,8.0690656957404833e-04,8.1646035428594152e-02,3.3451354434775721e-05,6.7058296204398161e-08,5.8135028589303175e-09,1.1923197141819387e-05,2.4306378896326877e-02,2.6594138253472452e-03,6.6589875821452149e-02,4.5177092609131116e-07,9.4217907640701607e-05,6.2334258299434788e-07,2.5660268610706199e-05,4.2106356826174855e-07,4.0404192136865576e-05,7.4627677093804889e-01,0.0000000000000000e+00,5.6967068270949324e-05,1.1029627306493599e-01,2.0602593978804703e-02,1.0000229073578959e+00,2.5721331966821126e+04,

