HyperCLaw-V1.1
38
x_velocity
y_velocity
z_velocity
density
rhoh
temp
RhoRT
divu
gradpx
gradpy
gradpz
mag_vort
Y(H2)
Y(H)
Y(O)
Y(O2)
Y(OH)
Y(H2O)
Y(HO2)
Y(CH2)
Y(CH2(S))
Y(CH3)
Y(CH4)
Y(CO)
Y(CO2)
Y(HCO)
Y(CH2O)
Y(CH3O)
Y(C2H4)
Y(C2H5)
Y(C2H6)
Y(N2)
Y(AR)
viscosity
lambda
mixture_fraction
progress_variable
enstrophy
3
1.3924182125972017e-08
2
0 0 0 
0.016 0.016 0.016 
2 2 
((0,0,0) (7,7,7) (0,0,0)) ((0,0,0) (15,15,15) (0,0,0)) ((0,0,0) (31,31,31) (0,0,0)) 
20 20 20 
0.002 0.002 0.002 
0.001 0.001 0.001 
0.00050000000000000001 0.00050000000000000001 0.00050000000000000001 
0
0
0 1 1.3924182125972017e-08
20
0 0.016
0 0.016
0 0.016
Level_0/Cell
1 8 1.3924182125972017e-08
20
0 0.0080000000000000002
0 0.0080000000000000002
0 0.0080000000000000002
0.0080000000000000002 0.016
0 0.0080000000000000002
0 0.0080000000000000002
0 0.0080000000000000002
0.0080000000000000002 0.016
0 0.0080000000000000002
0.0080000000000000002 0.016
0.0080000000000000002 0.016
0 0.0080000000000000002
0 0.0080000000000000002
0 0.0080000000000000002
0.0080000000000000002 0.016
0.0080000000000000002 0.016
0 0.0080000000000000002
0.0080000000000000002 0.016
0 0.0080000000000000002
0.0080000000000000002 0.016
0.0080000000000000002 0.016
0.0080000000000000002 0.016
0.0080000000000000002 0.016
0.0080000000000000002 0.016
Level_1/Cell
2 64 1.3924182125972017e-08
20
0 0.0040000000000000001
0 0.0040000000000000001
0 0.0040000000000000001
0.0040000000000000001 0.0080000000000000002
0 0.0040000000000000001
0 0.0040000000000000001
0.0080000000000000002 0.012
0 0.0040000000000000001
0 0.0040000000000000001
0.012 0.016
0 0.0040000000000000001
0 0.0040000000000000001
0 0.0040000000000000001
0.0040000000000000001 0.0080000000000000002
0 0.0040000000000000001
0.0040000000000000001 0.0080000000000000002
0.0040000000000000001 0.0080000000000000002
0 0.0040000000000000001
0.0080000000000000002 0.012
0.0040000000000000001 0.0080000000000000002
0 0.0040000000000000001
0.012 0.016
0.0040000000000000001 0.0080000000000000002
0 0.0040000000000000001
0 0.0040000000000000001
0.0080000000000000002 0.012
0 0.0040000000000000001
0.0040000000000000001 0.0080000000000000002
0.0080000000000000002 0.012
0 0.0040000000000000001
0.0080000000000000002 0.012
0.0080000000000000002 0.012
0 0.0040000000000000001
0.012 0.016
0.0080000000000000002 0.012
0 0.0040000000000000001
0 0.0040000000000000001
0.012 0.016
0 0.0040000000000000001
0.0040000000000000001 0.0080000000000000002
0.012 0.016
0 0.0040000000000000001
0.0080000000000000002 0.012
0.012 0.016
0 0.0040000000000000001
0.012 0.016
0.012 0.016
0 0.0040000000000000001
0 0.0040000000000000001
0 0.0040000000000000001
0.0040000000000000001 0.0080000000000000002
0.0040000000000000001 0.0080000000000000002
0 0.0040000000000000001
0.0040000000000000001 0.0080000000000000002
0.0080000000000000002 0.012
0 0.0040000000000000001
0.0040000000000000001 0.0080000000000000002
0.012 0.016
0 0.0040000000000000001
0.0040000000000000001 0.0080000000000000002
0 0.0040000000000000001
0.0040000000000000001 0.0080000000000000002
0.0040000000000000001 0.0080000000000000002
0.0040000000000000001 0.0080000000000000002
0.0040000000000000001 0.0080000000000000002
0.0040000000000000001 0.0080000000000000002
0.0080000000000000002 0.012
0.0040000000000000001 0.0080000000000000002
0.0040000000000000001 0.0080000000000000002
0.012 0.016
0.0040000000000000001 0.0080000000000000002
0.0040000000000000001 0.0080000000000000002
0 0.0040000000000000001
0.0080000000000000002 0.012
0.0040000000000000001 0.0080000000000000002
0.0040000000000000001 0.0080000000000000002
0.0080000000000000002 0.012
0.0040000000000000001 0.0080000000000000002
0.0080000000000000002 0.012
0.0080000000000000002 0.012
0.0040000000000000001 0.0080000000000000002
0.012 0.016
0.0080000000000000002 0.012
0.0040000000000000001 0.0080000000000000002
0 0.0040000000000000001
0.012 0.016
0.0040000000000000001 0.0080000000000000002
0.0040000000000000001 0.0080000000000000002
0.012 0.016
0.0040000000000000001 0.0080000000000000002
0.0080000000000000002 0.012
0.012 0.016
0.0040000000000000001 0.0080000000000000002
0.012 0.016
0.012 0.016
0.0040000000000000001 0.0080000000000000002
0 0.0040000000000000001
0 0.0040000000000000001
0.0080000000000000002 0.012
0.0040000000000000001 0.0080000000000000002
0 0.0040000000000000001
0.0080000000000000002 0.012
0.0080000000000000002 0.012
0 0.0040000000000000001
0.0080000000000000002 0.012
0.012 0.016
0 0.0040000000000000001
0.0080000000000000002 0.012
0 0.0040000000000000001
0.0040000000000000001 0.0080000000000000002
0.0080000000000000002 0.012
0.0040000000000000001 0.0080000000000000002
0.0040000000000000001 0.0080000000000000002
0.0080000000000000002 0.012
0.0080000000000000002 0.012
0.0040000000000000001 0.0080000000000000002
0.0080000000000000002 0.012
0.012 0.016
0.0040000000000000001 0.0080000000000000002
0.0080000000000000002 0.012
0 0.0040000000000000001
0.0080000000000000002 0.012
0.0080000000000000002 0.012
0.0040000000000000001 0.0080000000000000002
0.0080000000000000002 0.012
0.0080000000000000002 0.012
0.0080000000000000002 0.012
0.0080000000000000002 0.012
0.0080000000000000002 0.012
0.012 0.016
0.0080000000000000002 0.012
0.0080000000000000002 0.012
0 0.0040000000000000001
0.012 0.016
0.0080000000000000002 0.012
0.0040000000000000001 0.0080000000000000002
0.012 0.016
0.0080000000000000002 0.012
0.0080000000000000002 0.012
0.012 0.016
0.0080000000000000002 0.012
0.012 0.016
0.012 0.016
0.0080000000000000002 0.012
0 0.0040000000000000001
0 0.0040000000000000001
0.012 0.016
0.0040000000000000001 0.0080000000000000002
0 0.0040000000000000001
0.012 0.016
0.0080000000000000002 0.012
0 0.0040000000000000001
0.012 0.016
0.012 0.016
0 0.0040000000000000001
0.012 0.016
0 0.0040000000000000001
0.0040000000000000001 0.0080000000000000002
0.012 0.016
0.0040000000000000001 0.0080000000000000002
0.0040000000000000001 0.0080000000000000002
0.012 0.016
0.0080000000000000002 0.012
0.0040000000000000001 0.0080000000000000002
0.012 0.016
0.012 0.016
0.0040000000000000001 0.0080000000000000002
0.012 0.016
0 0.0040000000000000001
0.0080000000000000002 0.012
0.012 0.016
0.0040000000000000001 0.0080000000000000002
0.0080000000000000002 0.012
0.012 0.016
0.0080000000000000002 0.012
0.0080000000000000002 0.012
0.012 0.016
0.012 0.016
0.0080000000000000002 0.012
0.012 0.016
0 0.0040000000000000001
0.012 0.016
0.012 0.016
0.0040000000000000001 0.0080000000000000002
0.012 0.016
0.012 0.016
0.0080000000000000002 0.012
0.012 0.016
0.012 0.016
0.012 0.016
0.012 0.016
0.012 0.016
Level_2/Cell
